acceleration,mpg,model_year,cylinders,weight,displacement,car_name,horsepower,origin,msrp
12.0,18.0,70,8,3504,307.0,chevrolet chevelle malibu,130.0,1,4108.85
15.19,21.09,70,5.81,3126.01,214.88,amc ambassador dpl,112.14,NA,3114
15.19,21.09,70,5.81,3126.01,214.88,amc rebel sst (sw),112.14,NA,2766
15.19,21.09,70,5.81,3126.01,214.88,buick estate wagon (sw),112.14,NA,4226
15.19,21.09,70,5.81,3126.01,214.88,buick skylark 320,112.14,NA,2847
15.19,21.09,70,5.81,3126.01,214.88,chevrolet chevelle concours (sw),112.14,NA,3210
15.19,21.09,70,5.81,3126.01,214.88,chevrolet impala,112.14,NA,3132
15.19,21.09,70,5.81,3126.01,214.88,chevrolet monte carlo,112.14,NA,3123
15.19,21.09,70,5.81,3126.01,214.88,dodge challenger se,112.14,NA,3914
15.19,21.09,70,5.81,3126.01,214.88,ford galaxie 500,112.14,NA,3137
15.19,21.09,70,5.81,3126.01,214.88,ford maverick,112.14,NA,1995
15.19,21.09,70,5.81,3126.01,214.88,ford mustang boss 302,112.14,NA,3126
15.19,21.09,70,5.81,3126.01,214.88,ford torino,112.14,NA,2778
15.19,21.09,70,5.81,3126.01,214.88,ford torino (sw),112.14,NA,3164
15.19,21.09,70,5.81,3126.01,214.88,plymouth duster,112.14,NA,2547
15.19,21.09,70,5.81,3126.01,214.88,plymouth fury iii,112.14,NA,3174
15.19,21.09,70,5.81,3126.01,214.88,plymouth satellite,112.14,NA,2831
15.19,21.09,70,5.81,3126.01,214.88,plymouth satellite (sw),112.14,NA,3191
15.19,21.09,70,5.81,3126.01,214.88,pontiac catalina,112.14,NA,3164
15.19,21.09,70,5.81,3126.01,214.88,toyota corona mark ii,112.14,NA,2170
15.19,21.09,71,5.81,3126.01,214.88,amc gremlin,112.14,NA,1999
15.19,21.09,71,5.81,3126.01,214.88,amc hornet sportabout (sw),112.14,NA,2334
15.19,21.09,71,5.81,3126.01,214.88,amc matador,112.14,NA,3100
15.19,21.09,71,5.81,3126.01,214.88,audi 100 ls,112.14,NA,3595
15.19,21.09,71,5.81,3126.01,214.88,bmw 2002,112.14,NA,3275
15.19,21.09,71,5.81,3126.01,214.88,chevrolet impala,112.14,NA,3813
15.19,21.09,71,5.81,3126.01,214.88,chevrolet vega (sw),112.14,NA,2328
15.19,21.09,71,5.81,3126.01,214.88,chevrolet vega 2300,112.14,NA,2090
15.19,21.09,71,5.81,3126.01,214.88,chevy c20,112.14,NA,3870
15.19,21.09,71,5.81,3126.01,214.88,dodge d200,112.14,NA,3198
15.19,21.09,71,5.81,3126.01,214.88,dodge monaco (sw),112.14,NA,4689
15.19,21.09,71,5.81,3126.01,214.88,fiat 124b,112.14,NA,2081
15.19,21.09,71,5.81,3126.01,214.88,ford country squire (sw),112.14,NA,4074
15.19,21.09,71,5.81,3126.01,214.88,ford f250,112.14,NA,3214
15.19,21.09,71,5.81,3126.01,214.88,ford mustang,112.14,NA,3322
15.19,21.09,71,5.81,3126.01,214.88,ford pinto,112.14,NA,1919
15.19,21.09,71,5.81,3126.01,214.88,ford torino 500,112.14,NA,2950
15.19,21.09,71,5.81,3126.01,214.88,peugeot 304,112.14,NA,2479
15.19,21.09,71,5.81,3126.01,214.88,peugeot 504,112.14,NA,3478
15.19,21.09,71,5.81,3126.01,214.88,plymouth cricket,112.14,NA,1915
15.19,21.09,71,5.81,3126.01,214.88,plymouth fury iii,112.14,NA,3612
15.19,21.09,71,5.81,3126.01,214.88,plymouth satellite custom,112.14,NA,3003
15.19,21.09,71,5.81,3126.01,214.88,pontiac catalina brougham,112.14,NA,4154
15.19,21.09,71,5.81,3126.01,214.88,pontiac firebird,112.14,NA,3168
15.19,21.09,71,5.81,3126.01,214.88,pontiac safari (sw),112.14,NA,4643
15.19,21.09,71,5.81,3126.01,214.88,saab 99e,112.14,NA,3375
15.19,21.09,71,5.81,3126.01,214.88,toyota corolla 1200,112.14,NA,1798
15.19,21.09,71,5.81,3126.01,214.88,toyota corona,112.14,NA,2150
15.19,21.09,72,5.81,3126.01,214.88,amc ambassador sst,112.14,NA,3902
15.19,21.09,72,5.81,3126.01,214.88,amc matador (sw),112.14,NA,3239
15.19,21.09,72,5.81,3126.01,214.88,buick lesabre custom,112.14,NA,4291
15.19,21.09,72,5.81,3126.01,214.88,chevrolet chevelle concours (sw),112.14,NA,3244
15.19,21.09,72,5.81,3126.01,214.88,chevrolet impala,112.14,NA,3979
15.19,21.09,72,5.81,3126.01,214.88,chevrolet vega,112.14,NA,2160
15.19,21.09,72,5.81,3126.01,214.88,chrysler newport royal,112.14,NA,4124
15.19,21.09,72,5.81,3126.01,214.88,dodge colt (sw),112.14,NA,2451
15.19,21.09,72,5.81,3126.01,214.88,dodge colt hardtop,112.14,NA,2233
15.19,21.09,72,5.81,3126.01,214.88,ford pinto (sw),112.14,NA,2265
15.19,21.09,72,5.81,3126.01,214.88,ford pinto runabout,112.14,NA,2078
15.19,21.09,72,5.81,3126.01,214.88,mazda rx2 coupe,112.14,NA,2290
15.19,21.09,72,5.81,3126.01,214.88,mercury marquis,112.14,NA,4572
15.19,21.09,72,5.81,3126.01,214.88,oldsmobile delta 88 royale,112.14,NA,4387
15.19,21.09,72,5.81,3126.01,214.88,peugeot 504 (sw),112.14,NA,4095
15.19,21.09,72,5.81,3126.01,214.88,plymouth fury iii,112.14,NA,3785
15.19,21.09,72,5.81,3126.01,214.88,plymouth satellite custom (sw),112.14,NA,3340
15.19,21.09,72,5.81,3126.01,214.88,pontiac catalina,112.14,NA,4080
15.19,21.09,72,5.81,3126.01,214.88,renault 12 (sw),112.14,NA,2695
15.19,21.09,72,5.81,3126.01,214.88,toyota corolla 1600 (sw),112.14,NA,2301
15.19,21.09,72,5.81,3126.01,214.88,toyota corona hardtop,112.14,NA,2532
15.19,21.09,72,5.81,3126.01,214.88,toyoto corona mark ii (sw),112.14,NA,2837
15.19,21.09,72,5.81,3126.01,214.88,volkswagen 411 (sw),112.14,NA,3275
15.19,21.09,72,5.81,3126.01,214.88,volkswagen type 3,112.14,NA,2549
15.19,21.09,72,5.81,3126.01,214.88,volvo 145e (sw),112.14,NA,3890
15.19,21.09,73,5.81,3126.01,214.88,amc ambassador brougham,112.14,NA,4477
15.19,21.09,73,5.81,3126.01,214.88,amc gremlin,112.14,NA,2098
15.19,21.09,73,5.81,3126.01,214.88,amc hornet,112.14,NA,2449
15.19,21.09,73,5.81,3126.01,214.88,amc matador,112.14,NA,2986
15.19,21.09,73,5.81,3126.01,214.88,audi 100ls,112.14,NA,4275
15.19,21.09,73,5.81,3126.01,214.88,buick century 350,112.14,NA,3057
15.19,21.09,73,5.81,3126.01,214.88,buick electra 225 custom,112.14,NA,4993
15.19,21.09,73,5.81,3126.01,214.88,chevrolet caprice classic,112.14,NA,4345
15.19,21.09,73,5.81,3126.01,214.88,chevrolet impala,112.14,NA,3836
15.19,21.09,73,5.81,3126.01,214.88,chevrolet malibu,112.14,NA,3010
15.19,21.09,73,5.81,3126.01,214.88,chevrolet monte carlo s,112.14,NA,3562
15.19,21.09,73,5.81,3126.01,214.88,chevrolet nova custom,112.14,NA,2641
15.19,21.09,73,5.81,3126.01,214.88,chevrolet vega,112.14,NA,2192
15.19,21.09,73,5.81,3126.01,214.88,chrysler new yorker brougham,112.14,NA,5413
15.19,21.09,73,5.81,3126.01,214.88,dodge coronet custom,112.14,NA,3129
15.19,21.09,73,5.81,3126.01,214.88,dodge dart custom,112.14,NA,2658
15.19,21.09,73,5.81,3126.01,214.88,fiat 124 sport coupe,112.14,NA,3674
15.19,21.09,73,5.81,3126.01,214.88,fiat 128,112.14,NA,2195
15.19,21.09,73,5.81,3126.01,214.88,ford gran torino,112.14,NA,3015
15.19,21.09,73,5.81,3126.01,214.88,ford ltd,112.14,NA,3950
15.19,21.09,73,5.81,3126.01,214.88,ford maverick,112.14,NA,2248
15.19,21.09,73,5.81,3126.01,214.88,ford pinto,112.14,NA,2021
15.19,21.09,73,5.81,3126.01,214.88,maxda rx3,112.14,NA,3295
15.19,21.09,73,5.81,3126.01,214.88,mercury marquis brougham,112.14,NA,5151
15.19,21.09,73,5.81,3126.01,214.88,oldsmobile omega,112.14,NA,2777
15.19,21.09,73,5.81,3126.01,214.88,oldsmobile vista cruiser,112.14,NA,3789
15.19,21.09,73,5.81,3126.01,214.88,plymouth fury gran sedan,112.14,NA,4064
15.19,21.09,73,5.81,3126.01,214.88,plymouth valiant,112.14,NA,2447
15.19,21.09,73,5.81,3126.01,214.88,pontiac grand prix,112.14,NA,4583
15.19,21.09,73,5.81,3126.01,214.88,saab 99le,112.14,NA,4095
15.19,21.09,73,5.81,3126.01,214.88,toyota carina,112.14,NA,2589
15.19,21.09,73,5.81,3126.01,214.88,volkswagen super beetle,112.14,NA,2499
15.19,21.09,73,5.81,3126.01,214.88,volvo 144ea,112.14,NA,4340
15.19,21.09,74,5.81,3126.01,214.88,amc hornet,112.14,NA,2849
15.19,21.09,74,5.81,3126.01,214.88,amc matador,112.14,NA,3699
15.19,21.09,74,5.81,3126.01,214.88,amc matador (sw),112.14,NA,3477
15.19,21.09,74,5.81,3126.01,214.88,audi fox,112.14,NA,3975
15.19,21.09,74,5.81,3126.01,214.88,buick century luxus (sw),112.14,NA,4371
15.19,21.09,74,5.81,3126.01,214.88,chevrolet nova,112.14,NA,2919
15.19,21.09,74,5.81,3126.01,214.88,chevrolet vega,112.14,NA,2505
15.19,21.09,74,5.81,3126.01,214.88,dodge colt,112.14,NA,2585
15.19,21.09,74,5.81,3126.01,214.88,dodge coronet custom (sw),112.14,NA,3882
15.19,21.09,74,5.81,3126.01,214.88,fiat 124 tc,112.14,NA,4343
15.19,21.09,74,5.81,3126.01,214.88,fiat 128,112.14,NA,2684
15.19,21.09,74,5.81,3126.01,214.88,fiat x1.9,112.14,NA,4167
15.19,21.09,74,5.81,3126.01,214.88,ford gran torino,112.14,NA,3411
15.19,21.09,74,5.81,3126.01,214.88,ford gran torino (sw),112.14,NA,4017
15.19,21.09,74,5.81,3126.01,214.88,ford maverick,112.14,NA,2790
15.19,21.09,74,5.81,3126.01,214.88,ford pinto,112.14,NA,2527
15.19,21.09,74,5.81,3126.01,214.88,honda civic,112.14,NA,2545
15.19,21.09,74,5.81,3126.01,214.88,opel manta,112.14,NA,3275
15.19,21.09,74,5.81,3126.01,214.88,plymouth duster,112.14,NA,2829
15.19,21.09,74,5.81,3126.01,214.88,plymouth satellite sebring,112.14,NA,3468
15.19,21.09,74,5.81,3126.01,214.88,subaru,112.14,NA,2997
15.19,21.09,74,5.81,3126.01,214.88,toyota corolla 1200,112.14,NA,2199
15.19,21.09,74,5.81,3126.01,214.88,toyota corona,112.14,NA,3344
15.19,21.09,74,5.81,3126.01,214.88,volkswagen dasher,112.14,NA,4100
15.19,21.09,75,5.81,3126.01,214.88,amc gremlin,112.14,NA,2798
15.19,21.09,75,5.81,3126.01,214.88,amc matador,112.14,NA,3545
15.19,21.09,75,5.81,3126.01,214.88,amc pacer,112.14,NA,3299
15.19,21.09,75,5.81,3126.01,214.88,audi 100ls,112.14,NA,6002
15.19,21.09,75,5.81,3126.01,214.88,buick century,112.14,NA,4022
15.19,21.09,75,5.81,3126.01,214.88,buick skyhawk,112.14,NA,4173
15.19,21.09,75,5.81,3126.01,214.88,chevrolet bel air,112.14,NA,4345
15.19,21.09,75,5.81,3126.01,214.88,chevrolet monza 2+2,112.14,NA,3953
15.19,21.09,75,5.81,3126.01,214.88,chevrolet nova,112.14,NA,3280
15.19,21.09,75,5.81,3126.01,214.88,ford ltd,112.14,NA,4753
15.19,21.09,75,5.81,3126.01,214.88,ford maverick,112.14,NA,3025
15.19,21.09,75,5.81,3126.01,214.88,ford mustang ii,112.14,NA,3801
15.19,21.09,75,5.81,3126.01,214.88,ford pinto,112.14,NA,2769
15.19,21.09,75,5.81,3126.01,214.88,honda civic cvcc,112.14,NA,3009
15.19,21.09,75,5.81,3126.01,214.88,mercury monarch,112.14,NA,3892
15.19,21.09,75,5.81,3126.01,214.88,peugeot 504,112.14,NA,6330
15.19,21.09,75,5.81,3126.01,214.88,plymouth fury,112.14,NA,3672
15.19,21.09,75,5.81,3126.01,214.88,plymouth grand fury,112.14,NA,4565
15.19,21.09,75,5.81,3126.01,214.88,plymouth valiant custom,112.14,NA,3422
15.19,21.09,75,5.81,3126.01,214.88,pontiac astro,112.14,NA,3079
15.19,21.09,75,5.81,3126.01,214.88,pontiac catalina,112.14,NA,4700
15.19,21.09,75,5.81,3126.01,214.88,saab 99le,112.14,NA,5198
15.19,21.09,75,5.81,3126.01,214.88,toyota corolla,112.14,NA,2711
15.19,21.09,75,5.81,3126.01,214.88,toyota corona,112.14,NA,4379
15.19,21.09,75,5.81,3126.01,214.88,volkswagen dasher,112.14,NA,4700
15.19,21.09,75,5.81,3126.01,214.88,volkswagen rabbit,112.14,NA,3330
15.19,21.09,75,5.81,3126.01,214.88,volvo 244dl,112.14,NA,6595
15.19,21.09,76,5.81,3126.01,214.88,amc hornet,112.14,NA,3199
15.19,21.09,76,5.81,3126.01,214.88,amc matador,112.14,NA,3725
15.19,21.09,76,5.81,3126.01,214.88,amc pacer d/l,112.14,NA,3499
15.19,21.09,76,5.81,3126.01,214.88,cadillac seville,112.14,NA,12479
15.19,21.09,76,5.81,3126.01,214.88,chevrolet chevelle malibu classic,112.14,NA,4455
15.19,21.09,76,5.81,3126.01,214.88,chevrolet chevette,112.14,NA,2558
15.19,21.09,76,5.81,3126.01,214.88,chevrolet nova,112.14,NA,3413
15.19,21.09,76,5.81,3126.01,214.88,chevy c10,112.14,NA,5087
15.19,21.09,76,5.81,3126.01,214.88,dodge aspen se,112.14,NA,4413
15.19,21.09,76,5.81,3126.01,214.88,dodge colt,112.14,NA,3175
15.19,21.09,76,5.81,3126.01,214.88,dodge coronet brougham,112.14,NA,4297
15.19,21.09,76,5.81,3126.01,214.88,dodge d100,112.14,NA,3777
15.19,21.09,76,5.81,3126.01,214.88,fiat 131,112.14,NA,4286
15.19,21.09,76,5.81,3126.01,214.88,ford granada ghia,112.14,NA,4353
15.19,21.09,76,5.81,3126.01,214.88,ford maverick,112.14,NA,3117
15.19,21.09,76,5.81,3126.01,214.88,ford pinto,112.14,NA,3025
15.19,21.09,76,5.81,3126.01,214.88,honda civic,112.14,NA,2939
15.19,21.09,76,5.81,3126.01,214.88,mercedes-benz 280s,112.14,NA,17124
15.19,21.09,76,5.81,3126.01,214.88,peugeot 504,112.14,NA,7340
15.19,21.09,76,5.81,3126.01,214.88,plymouth valiant,112.14,NA,3276
15.19,21.09,76,5.81,3126.01,214.88,plymouth volare premier v8,112.14,NA,3324
15.19,21.09,76,5.81,3126.01,214.88,pontiac ventura sj,112.14,NA,3702
15.19,21.09,76,5.81,3126.01,214.88,renault 12tl,112.14,NA,3899
15.19,21.09,76,5.81,3126.01,214.88,toyota corolla,112.14,NA,2789
15.19,21.09,76,5.81,3126.01,214.88,volkswagen rabbit,112.14,NA,3499
15.19,21.09,76,5.81,3126.01,214.88,volvo 245,112.14,NA,7495
15.19,21.09,76,5.81,3126.01,214.88,vw rabbit,112.14,NA,3499
15.19,21.09,77,5.81,3126.01,214.88,bmw 320i,112.14,NA,7990
15.19,21.09,77,5.81,3126.01,214.88,buick skylark,112.14,NA,3865
15.19,21.09,77,5.81,3126.01,214.88,chevrolet caprice classic,112.14,NA,5307
15.19,21.09,77,5.81,3126.01,214.88,chevrolet chevette,112.14,NA,3225
15.19,21.09,77,5.81,3126.01,214.88,chevrolet concours,112.14,NA,4111
15.19,21.09,77,5.81,3126.01,214.88,chevrolet monte carlo landau,112.14,NA,4968
15.19,21.09,77,5.81,3126.01,214.88,chrysler cordoba,112.14,NA,5418
15.19,21.09,77,5.81,3126.01,214.88,dodge colt m/m,112.14,NA,2999
15.19,21.09,77,5.81,3126.01,214.88,dodge monaco brougham,112.14,NA,4408
15.19,21.09,77,5.81,3126.01,214.88,ford granada,112.14,NA,4209
15.19,21.09,77,5.81,3126.01,214.88,ford mustang ii 2+2,112.14,NA,4183
15.19,21.09,77,5.81,3126.01,214.88,ford thunderbird,112.14,NA,5063
15.19,21.09,77,5.81,3126.01,214.88,honda accord cvcc,112.14,NA,3299
15.19,21.09,77,5.81,3126.01,214.88,mazda rx-4,112.14,NA,5470
15.19,21.09,77,5.81,3126.01,214.88,mercury cougar brougham,112.14,NA,4990
15.19,21.09,77,5.81,3126.01,214.88,oldsmobile cutlass supreme,112.14,NA,4825
15.19,21.09,77,5.81,3126.01,214.88,plymouth arrow gs,112.14,NA,3654
15.19,21.09,77,5.81,3126.01,214.88,plymouth volare custom,112.14,NA,3752
15.19,21.09,77,5.81,3126.01,214.88,pontiac grand prix lj,112.14,NA,5483
15.19,21.09,77,5.81,3126.01,214.88,pontiac sunbird coupe,112.14,NA,3659
15.19,21.09,77,5.81,3126.01,214.88,renault 5 gtl,112.14,NA,4450
15.19,21.09,77,5.81,3126.01,214.88,subaru dl,112.14,NA,3499
15.19,21.09,77,5.81,3126.01,214.88,toyota corolla liftback,112.14,NA,3918
15.19,21.09,77,5.81,3126.01,214.88,volkswagen dasher,112.14,NA,5399
15.19,21.09,77,5.81,3126.01,214.88,volkswagen rabbit custom,112.14,NA,4079
15.19,21.09,78,5.81,3126.01,214.88,amc concord,112.14,NA,3849
15.19,21.09,78,5.81,3126.01,214.88,amc concord d/l,112.14,NA,3849
15.19,21.09,78,5.81,3126.01,214.88,audi 5000,112.14,NA,8780
15.19,21.09,78,5.81,3126.01,214.88,buick century special,112.14,NA,4633
15.19,21.09,78,5.81,3126.01,214.88,buick regal sport coupe (turbo),112.14,NA,5958
15.19,21.09,78,5.81,3126.01,214.88,chevrolet chevette,112.14,NA,3644
15.19,21.09,78,5.81,3126.01,214.88,chevrolet malibu,112.14,NA,4394
15.19,21.09,78,5.81,3126.01,214.88,chevrolet monte carlo landau,112.14,NA,4935
15.19,21.09,78,5.81,3126.01,214.88,dodge aspen,112.14,NA,3911
15.19,21.09,78,5.81,3126.01,214.88,dodge diplomat,112.14,NA,5207
15.19,21.09,78,5.81,3126.01,214.88,dodge magnum xe,112.14,NA,5509
15.19,21.09,78,5.81,3126.01,214.88,dodge omni,112.14,NA,3967
15.19,21.09,78,5.81,3126.01,214.88,ford fairmont (auto),112.14,NA,3744
15.19,21.09,78,5.81,3126.01,214.88,ford fairmont (man),112.14,NA,3744
15.19,21.09,78,5.81,3126.01,214.88,honda accord lx,112.14,NA,5965
15.19,21.09,78,5.81,3126.01,214.88,honda civic cvcc,112.14,NA,3975
15.19,21.09,78,5.81,3126.01,214.88,mazda glc deluxe,112.14,NA,3145
15.19,21.09,78,5.81,3126.01,214.88,mercury monarch ghia,112.14,NA,4571
15.19,21.09,78,5.81,3126.01,214.88,mercury zephyr,112.14,NA,3897
15.19,21.09,78,5.81,3126.01,214.88,oldsmobile cutlass salon brougham,112.14,NA,4877
15.19,21.09,78,5.81,3126.01,214.88,oldsmobile starfire sx,112.14,NA,4306
15.19,21.09,78,5.81,3126.01,214.88,peugeot 604sl,112.14,NA,10990
15.19,21.09,78,5.81,3126.01,214.88,plymouth sapporo,112.14,NA,6087
15.19,21.09,78,5.81,3126.01,214.88,plymouth volare,112.14,NA,3771
15.19,21.09,78,5.81,3126.01,214.88,pontiac phoenix lj,112.14,NA,4399
15.19,21.09,78,5.81,3126.01,214.88,saab 99gle,112.14,NA,6298
15.19,21.09,78,5.81,3126.01,214.88,toyota celica gt liftback,112.14,NA,5889
15.19,21.09,78,5.81,3126.01,214.88,toyota corona,112.14,NA,4574
15.19,21.09,78,5.81,3126.01,214.88,volkswagen rabbit custom diesel,112.14,NA,4699
15.19,21.09,78,5.81,3126.01,214.88,volkswagen scirocco,112.14,NA,6095
15.19,21.09,78,5.81,3126.01,214.88,volvo 264gl,112.14,NA,10245
15.19,21.09,79,5.81,3126.01,214.88,amc concord dl 6,112.14,NA,4324
15.19,21.09,79,5.81,3126.01,214.88,amc spirit dl,112.14,NA,4133
15.19,21.09,79,5.81,3126.01,214.88,buick estate wagon (sw),112.14,NA,7169
15.19,21.09,79,5.81,3126.01,214.88,buick skylark limited,112.14,NA,4462
15.19,21.09,79,5.81,3126.01,214.88,cadillac eldorado,112.14,NA,14668
15.19,21.09,79,5.81,3126.01,214.88,chevrolet caprice classic,112.14,NA,6508
15.19,21.09,79,5.81,3126.01,214.88,chevrolet malibu classic (sw),112.14,NA,5480
15.19,21.09,79,5.81,3126.01,214.88,chrysler lebaron town @ country (sw),112.14,NA,6642
15.19,21.09,79,5.81,3126.01,214.88,dodge aspen 6,112.14,NA,4399
15.19,21.09,79,5.81,3126.01,214.88,dodge colt hatchback custom,112.14,NA,4425
15.19,21.09,79,5.81,3126.01,214.88,dodge stregis,112.14,NA,6847
15.19,21.09,79,5.81,3126.01,214.88,fiat strada custom,112.14,NA,4496
15.19,21.09,79,5.81,3126.01,214.88,ford country squire (sw),112.14,NA,7006
15.19,21.09,79,5.81,3126.01,214.88,ford fairmont 4,112.14,NA,4383
15.19,21.09,79,5.81,3126.01,214.88,ford ltd landau,112.14,NA,6686
15.19,21.09,79,5.81,3126.01,214.88,maxda glc deluxe,112.14,NA,3995
15.19,21.09,79,5.81,3126.01,214.88,mercedes benz 300d,112.14,NA,21497
15.19,21.09,79,5.81,3126.01,214.88,mercury grand marquis,112.14,NA,7721
15.19,21.09,79,5.81,3126.01,214.88,mercury zephyr 6,112.14,NA,4888
15.19,21.09,79,5.81,3126.01,214.88,oldsmobile cutlass salon brougham,112.14,NA,5442
15.19,21.09,79,5.81,3126.01,214.88,oldsmobile omega brougham,112.14,NA,4582
15.19,21.09,79,5.81,3126.01,214.88,peugeot 504,112.14,NA,8040
15.19,21.09,79,5.81,3126.01,214.88,plymouth horizon,112.14,NA,4469
15.19,21.09,79,5.81,3126.01,214.88,plymouth horizon tc3,112.14,NA,4864
15.19,21.09,79,5.81,3126.01,214.88,pontiac lemans v6,112.14,NA,5301
15.19,21.09,79,5.81,3126.01,214.88,pontiac phoenix,112.14,NA,4089
15.19,21.09,79,5.81,3126.01,214.88,vw rabbit custom,112.14,NA,4799
11.5,15.0,70,8,3693,350.0,buick skylark 320,165.0,1,4108.85
15.19,21.09,70,5.81,3126.01,214.88,chevrolet chevelle malibu,112.14,NA,2881
11.0,18.0,70,8,3436,318.0,plymouth satellite,150.0,1,4108.85
12.0,16.0,70,8,3433,304.0,amc rebel sst,150.0,1,4108.85
10.5,17.0,70,8,3449,302.0,ford torino,140.0,1,4108.85
10.0,15.0,70,8,4341,429.0,ford galaxie 500,198.0,1,4108.85
9.0,14.0,70,8,4354,454.0,chevrolet impala,220.0,1,4108.85
8.5,14.0,70,8,4312,440.0,plymouth fury iii,215.0,1,4108.85
10.0,14.0,70,8,4425,455.0,pontiac catalina,225.0,1,4108.85
8.5,15.0,70,8,3850,390.0,amc ambassador dpl,190.0,1,3114
8.5,15.0,70,8,3850,390.0,amc ambassador dpl,190.0,1,4108.85
17.5,21.09,70,4,3090,133.0,citroen ds-21 pallas,115.0,2,4108.85
11.5,21.09,70,8,4142,350.0,chevrolet chevelle concours (sw),165.0,1,4108.85
11.0,21.09,70,8,4034,351.0,ford torino (sw),153.0,1,4108.85
10.5,21.09,70,8,4166,383.0,plymouth satellite (sw),175.0,1,4108.85
11.0,21.09,70,8,3850,360.0,amc rebel sst (sw),175.0,1,4108.85
10.0,15.0,70,8,3563,383.0,dodge challenger se,170.0,1,4108.85
8.0,14.0,70,8,3609,340.0,plymouth 'cuda 340,160.0,1,4108.85
8.0,21.09,70,8,3353,302.0,ford mustang boss 302,140.0,1,4108.85
9.5,15.0,70,8,3761,400.0,chevrolet monte carlo,150.0,1,4108.85
10.0,14.0,70,8,3086,455.0,buick estate wagon (sw),225.0,1,4108.85
15.0,24.0,70,4,2372,113.0,toyota corona mark ii,95.00,3,4108.85
15.5,22.0,70,6,2833,198.0,plymouth duster,95.00,1,4108.85
15.5,18.0,70,6,2774,199.0,amc hornet,97.00,1,4108.85
16.0,21.0,70,6,2587,200.0,ford maverick,85.00,1,4108.85
14.5,27.0,70,4,2130,97.00,datsun pl510,88.00,3,4108.85
20.5,26.0,70,4,1835,97.00,volkswagen 1131 deluxe sedan,46.00,2,4108.85
17.5,25.0,70,4,2672,110.0,peugeot 504,87.00,2,4108.85
14.5,24.0,70,4,2430,107.0,audi 100 ls,90.00,2,4108.85
17.5,25.0,70,4,2375,104.0,saab 99e,95.00,2,4108.85
12.5,26.0,70,4,2234,121.0,bmw 2002,113.0,2,4108.85
15.0,21.0,70,6,2648,199.0,amc gremlin,90.00,1,4108.85
14.0,10.0,70,8,4615,360.0,ford f250,215.0,1,4108.85
15.0,10.0,70,8,4376,307.0,chevy c20,200.0,1,4108.85
13.5,11.0,70,8,4382,318.0,dodge d200,210.0,1,4108.85
18.5,9.0,70,8,4732,304.0,hi 1200d,193.0,1,4108.85
14.5,27.0,71,4,2130,97.00,datsun pl510,88.00,3,4108.85
15.5,28.0,71,4,2264,140.0,chevrolet vega 2300,90.00,1,4108.85
14.0,25.0,71,4,2228,113.0,toyota corona,95.00,3,4108.85
19.0,25.0,71,4,2046,98.00,ford pinto,112.14,1,4108.85
20.0,21.09,71,4,1978,97.00,volkswagen super beetle 117,48.00,2,4108.85
13.0,19.0,71,6,2634,232.0,amc gremlin,100.0,1,4108.85
15.5,16.0,71,6,3439,225.0,plymouth satellite custom,105.0,1,4108.85
15.5,17.0,71,6,3329,250.0,chevrolet chevelle malibu,100.0,1,4108.85
15.5,19.0,71,6,3302,250.0,ford torino 500,88.00,1,4108.85
15.5,18.0,71,6,3288,232.0,amc matador,100.0,1,4108.85
12.0,14.0,71,8,4209,350.0,chevrolet impala,165.0,1,4108.85
11.5,14.0,71,8,4464,400.0,pontiac catalina brougham,175.0,1,4108.85
13.5,14.0,71,8,4154,351.0,ford galaxie 500,153.0,1,4108.85
13.0,14.0,71,8,4096,318.0,plymouth fury iii,150.0,1,4108.85
11.5,12.0,71,8,4955,383.0,dodge monaco (sw),180.0,1,4108.85
12.0,13.0,71,8,4746,400.0,ford country squire (sw),170.0,1,4108.85
12.0,13.0,71,8,5140,400.0,pontiac safari (sw),175.0,1,4108.85
13.5,18.0,71,6,2962,258.0,amc hornet sportabout (sw),110.0,1,4108.85
19.0,22.0,71,4,2408,140.0,chevrolet vega (sw),72.00,1,4108.85
15.0,19.0,71,6,3282,250.0,pontiac firebird,100.0,1,4108.85
14.5,18.0,71,6,3139,250.0,ford mustang,88.00,1,4108.85
14.0,23.0,71,4,2220,122.0,mercury capri 2000,86.00,1,4108.85
14.0,28.0,71,4,2123,116.0,opel 1900,90.00,2,4108.85
19.5,30.0,71,4,2074,79.00,peugeot 304,70.00,2,4108.85
14.5,30.0,71,4,2065,88.00,fiat 124b,76.00,2,4108.85
19.0,31.0,71,4,1773,71.00,toyota corolla 1200,65.00,3,4108.85
18.0,35.0,71,4,1613,72.00,datsun 1200,69.00,3,4108.85
19.0,27.0,71,4,1834,97.00,volkswagen model 111,60.00,2,4108.85
20.5,26.0,71,4,1955,91.00,plymouth cricket,70.00,1,4108.85
15.5,24.0,72,4,2278,113.0,toyota corona hardtop,95.00,3,4108.85
17.0,25.0,72,4,2126,97.50,dodge colt hardtop,80.00,1,4108.85
23.5,23.0,72,4,2254,97.00,volkswagen type 3,54.00,2,4108.85
19.5,20.0,72,4,2408,140.0,chevrolet vega,90.00,1,4108.85
16.5,21.0,72,4,2226,122.0,ford pinto runabout,86.00,1,4108.85
12.0,13.0,72,8,4274,350.0,chevrolet impala,165.0,1,4108.85
12.0,14.0,72,8,4385,400.0,pontiac catalina,175.0,1,4108.85
13.5,15.0,72,8,4135,318.0,plymouth fury iii,150.0,1,4108.85
13.0,14.0,72,8,4129,351.0,ford galaxie 500,153.0,1,4108.85
11.5,17.0,72,8,3672,304.0,amc ambassador sst,150.0,1,4108.85
11.0,11.0,72,8,4633,429.0,mercury marquis,208.0,1,4108.85
13.5,13.0,72,8,4502,350.0,buick lesabre custom,155.0,1,4108.85
13.5,12.0,72,8,4456,350.0,oldsmobile delta 88 royale,160.0,1,4108.85
12.5,13.0,72,8,4422,400.0,chrysler newport royal,190.0,1,4108.85
13.5,19.0,72,3,2330,70.00,mazda rx2 coupe,97.00,3,4108.85
12.5,15.0,72,8,3892,304.0,amc matador (sw),150.0,1,4108.85
14.0,13.0,72,8,4098,307.0,chevrolet chevelle concours (sw),130.0,1,4108.85
16.0,13.0,72,8,4294,302.0,ford gran torino (sw),140.0,1,4108.85
14.0,14.0,72,8,4077,318.0,plymouth satellite custom (sw),150.0,1,4108.85
14.5,18.0,72,4,2933,121.0,volvo 145e (sw),112.0,2,4108.85
18.0,22.0,72,4,2511,121.0,volkswagen 411 (sw),76.00,2,4108.85
19.5,21.0,72,4,2979,120.0,peugeot 504 (sw),87.00,2,4108.85
18.0,26.0,72,4,2189,96.00,renault 12 (sw),69.00,2,4108.85
16.0,22.0,72,4,2395,122.0,ford pinto (sw),86.00,1,4108.85
17.0,28.0,72,4,2288,97.00,datsun 510 (sw),92.00,3,4108.85
14.5,23.0,72,4,2506,120.0,toyota corona mark ii (sw),97.00,3,4108.85
15.0,28.0,72,4,2164,98.00,dodge colt (sw),80.00,1,4108.85
16.5,27.0,72,4,2100,97.00,toyota corolla 1600 (sw),88.00,3,4108.85
13.0,13.0,73,8,4100,350.0,buick century 350,175.0,1,4108.85
11.5,14.0,73,8,3672,304.0,amc matador,150.0,1,4108.85
13.0,13.0,73,8,3988,350.0,chevrolet malibu,145.0,1,4108.85
14.5,14.0,73,8,4042,302.0,ford gran torino,137.0,1,4108.85
12.5,15.0,73,8,3777,318.0,dodge coronet custom,150.0,1,4108.85
11.5,12.0,73,8,4952,429.0,mercury marquis brougham,198.0,1,4108.85
12.0,13.0,73,8,4464,400.0,chevrolet caprice classic,150.0,1,4108.85
13.0,13.0,73,8,4363,351.0,ford ltd,158.0,1,4108.85
14.5,14.0,73,8,4237,318.0,plymouth fury gran sedan,150.0,1,4108.85
11.0,13.0,73,8,4735,440.0,chrysler new yorker brougham,215.0,1,4108.85
11.0,12.0,73,8,4951,455.0,buick electra 225 custom,225.0,1,4108.85
11.0,13.0,73,8,3821,360.0,amc ambassador brougham,175.0,1,4108.85
16.5,18.0,73,6,3121,225.0,plymouth valiant,105.0,1,4108.85
18.0,16.0,73,6,3278,250.0,chevrolet nova custom,100.0,1,4108.85
16.0,18.0,73,6,2945,232.0,amc hornet,100.0,1,4108.85
16.5,18.0,73,6,3021,250.0,ford maverick,88.00,1,4108.85
16.0,23.0,73,6,2904,198.0,plymouth duster,95.00,1,4108.85
21.0,26.0,73,4,1950,97.00,volkswagen super beetle,46.00,2,4108.85
14.0,11.0,73,8,4997,400.0,chevrolet impala,150.0,1,4108.85
12.5,12.0,73,8,4906,400.0,ford country,167.0,1,4108.85
13.0,13.0,73,8,4654,360.0,plymouth custom suburb,170.0,1,4108.85
12.5,12.0,73,8,4499,350.0,oldsmobile vista cruiser,180.0,1,4108.85
15.0,18.0,73,6,2789,232.0,amc gremlin,100.0,1,4108.85
19.0,20.0,73,4,2279,97.00,toyota carina,88.00,3,4108.85
19.5,21.0,73,4,2401,140.0,chevrolet vega,72.00,1,4108.85
16.5,22.0,73,4,2379,108.0,datsun 610,94.00,3,4108.85
13.5,18.0,73,3,2124,70.00,maxda rx3,90.00,3,4108.85
18.5,19.0,73,4,2310,122.0,ford pinto,85.00,1,4108.85
14.0,21.0,73,6,2472,155.0,mercury capri v6,107.0,1,4108.85
15.5,26.0,73,4,2265,98.00,fiat 124 sport coupe,90.00,2,4108.85
13.0,15.0,73,8,4082,350.0,chevrolet monte carlo s,145.0,1,4108.85
9.50,16.0,73,8,4278,400.0,pontiac grand prix,230.0,1,4108.85
19.5,29.0,73,4,1867,68.00,fiat 128,49.00,2,4108.85
15.5,24.0,73,4,2158,116.0,opel manta,75.00,2,4108.85
14.0,20.0,73,4,2582,114.0,audi 100ls,91.00,2,4108.85
15.5,19.0,73,4,2868,121.0,volvo 144ea,112.0,2,4108.85
11.0,15.0,73,8,3399,318.0,dodge dart custom,150.0,1,4108.85
14.0,24.0,73,4,2660,121.0,saab 99le,110.0,2,4108.85
13.5,20.0,73,6,2807,156.0,toyota mark ii,122.0,3,4108.85
11.0,11.0,73,8,3664,350.0,oldsmobile omega,180.0,1,4108.85
16.5,20.0,74,6,3102,198.0,plymouth duster,95.00,1,4108.85
17.0,21.0,74,6,2875,200.0,ford maverick,112.14,1,4108.85
16.0,19.0,74,6,2901,232.0,amc hornet,100.0,1,4108.85
17.0,15.0,74,6,3336,250.0,chevrolet nova,100.0,1,4108.85
19.0,31.0,74,4,1950,79.00,datsun b210,67.00,3,4108.85
16.5,26.0,74,4,2451,122.0,ford pinto,80.00,1,4108.85
21.0,32.0,74,4,1836,71.00,toyota corolla 1200,65.00,3,4108.85
17.0,25.0,74,4,2542,140.0,chevrolet vega,75.00,1,4108.85
17.0,16.0,74,6,3781,250.0,chevrolet chevelle malibu classic,100.0,1,4108.85
18.0,16.0,74,6,3632,258.0,amc matador,110.0,1,4108.85
16.5,18.0,74,6,3613,225.0,plymouth satellite sebring,105.0,1,4108.85
14.0,16.0,74,8,4141,302.0,ford gran torino,140.0,1,4108.85
14.5,13.0,74,8,4699,350.0,buick century luxus (sw),150.0,1,4108.85
13.5,14.0,74,8,4457,318.0,dodge coronet custom (sw),150.0,1,4108.85
16.0,14.0,74,8,4638,302.0,ford gran torino (sw),140.0,1,4108.85
15.5,14.0,74,8,4257,304.0,amc matador (sw),150.0,1,4108.85
16.5,29.0,74,4,2219,98.00,audi fox,83.00,2,4108.85
15.5,26.0,74,4,1963,79.00,volkswagen dasher,67.00,2,4108.85
14.5,26.0,74,4,2300,97.00,opel manta,78.00,2,4108.85
16.5,31.0,74,4,1649,76.00,toyota corona,52.00,3,4108.85
19.0,32.0,74,4,2003,83.00,datsun 710,61.00,3,4108.85
14.5,28.0,74,4,2125,90.00,dodge colt,75.00,1,4108.85
15.5,24.0,74,4,2108,90.00,fiat 128,75.00,2,4108.85
14.0,26.0,74,4,2246,116.0,fiat 124 tc,75.00,2,4108.85
15.0,24.0,74,4,2489,120.0,honda civic,97.00,3,4108.85
15.5,26.0,74,4,2391,108.0,subaru,93.00,3,4108.85
16.0,31.0,74,4,2000,79.00,fiat x1.9,67.00,2,4108.85
16.0,19.0,75,6,3264,225.0,plymouth valiant custom,95.00,1,4108.85
16.0,18.0,75,6,3459,250.0,chevrolet nova,105.0,1,4108.85
21.0,15.0,75,6,3432,250.0,mercury monarch,72.00,1,4108.85
19.5,15.0,75,6,3158,250.0,ford maverick,72.00,1,4108.85
11.5,16.0,75,8,4668,400.0,pontiac catalina,170.0,1,4108.85
14.0,15.0,75,8,4440,350.0,chevrolet bel air,145.0,1,4108.85
14.5,16.0,75,8,4498,318.0,plymouth grand fury,150.0,1,4108.85
13.5,14.0,75,8,4657,351.0,ford ltd,148.0,1,4108.85
21.0,17.0,75,6,3907,231.0,buick century,110.0,1,4108.85
18.5,16.0,75,6,3897,250.0,chevroelt chevelle malibu,105.0,1,4108.85
19.0,15.0,75,6,3730,258.0,amc matador,110.0,1,4108.85
19.0,18.0,75,6,3785,225.0,plymouth fury,95.00,1,4108.85
15.0,21.0,75,6,3039,231.0,buick skyhawk,110.0,1,4108.85
13.5,20.0,75,8,3221,262.0,chevrolet monza 2+2,110.0,1,4108.85
12.0,13.0,75,8,3169,302.0,ford mustang ii,129.0,1,4108.85
16.0,29.0,75,4,2171,97.00,toyota corolla,75.00,3,4108.85
16.0,20.0,75,6,2914,232.0,amc gremlin,100.0,1,4108.85
18.5,23.0,75,4,2592,140.0,pontiac astro,78.00,1,4108.85
13.5,24.0,75,4,2702,134.0,toyota corona,96.00,3,4108.85
16.5,25.0,75,4,2223,90.00,volkswagen dasher,71.00,2,4108.85
17.0,24.0,75,4,2545,119.0,datsun 710,97.00,3,4108.85
17.0,23.0,75,4,2639,140.0,ford pinto,83.00,1,4108.85
14.0,29.0,75,4,1937,90.00,volkswagen rabbit,70.00,2,4108.85
17.0,19.0,75,6,3211,232.0,amc pacer,90.00,1,4108.85
15.0,23.0,75,4,2694,115.0,audi 100ls,95.00,2,4108.85
17.0,23.0,75,4,2957,120.0,peugeot 504,88.00,2,4108.85
14.5,22.0,75,4,2945,121.0,volvo 244dl,98.00,2,4108.85
13.5,25.0,75,4,2671,121.0,saab 99le,115.0,2,4108.85
17.5,33.0,75,4,1795,91.00,honda civic cvcc,53.00,3,4108.85
15.5,28.0,76,4,2464,107.0,fiat 131,86.00,2,4108.85
16.9,25.0,76,4,2220,116.0,opel 1900,81.00,2,4108.85
14.9,25.0,76,4,2572,140.0,capri ii,92.00,1,4108.85
17.7,26.0,76,4,2255,98.00,dodge colt,79.00,1,4108.85
15.3,27.0,76,4,2202,101.0,renault 12tl,83.00,2,4108.85
13.0,17.5,76,8,4215,305.0,chevrolet chevelle malibu classic,140.0,1,4108.85
13.0,16.0,76,8,4190,318.0,dodge coronet brougham,150.0,1,4108.85
13.9,15.5,76,8,3962,304.0,amc matador,120.0,1,4108.85
12.8,14.5,76,8,4215,351.0,ford gran torino,152.0,1,4108.85
15.4,22.0,76,6,3233,225.0,plymouth valiant,100.0,1,4108.85
14.5,22.0,76,6,3353,250.0,chevrolet nova,105.0,1,4108.85
17.6,24.0,76,6,3012,200.0,ford maverick,81.00,1,4108.85
17.6,22.5,76,6,3085,232.0,amc hornet,90.00,1,4108.85
22.2,29.0,76,4,2035,85.00,chevrolet chevette,52.00,1,4108.85
22.1,24.5,76,4,2164,98.00,chevrolet woody,60.00,1,4108.85
14.2,29.0,76,4,1937,90.00,vw rabbit,70.00,2,4108.85
17.4,33.0,76,4,1795,91.00,honda civic,53.00,3,4108.85
17.7,20.0,76,6,3651,225.0,dodge aspen se,100.0,1,4108.85
21.0,18.0,76,6,3574,250.0,ford granada ghia,78.00,1,4108.85
16.2,18.5,76,6,3645,250.0,pontiac ventura sj,110.0,1,4108.85
17.8,17.5,76,6,3193,258.0,amc pacer d/l,95.00,1,4108.85
12.2,29.5,76,4,1825,97.00,volkswagen rabbit,71.00,2,4108.85
17.0,32.0,76,4,1990,85.00,datsun b-210,70.00,3,4108.85
16.4,28.0,76,4,2155,97.00,toyota corolla,75.00,3,4108.85
13.6,26.5,76,4,2565,140.0,ford pinto,72.00,1,4108.85
15.7,20.0,76,4,3150,130.0,volvo 245,102.0,2,4108.85
13.2,13.0,76,8,3940,318.0,plymouth volare premier v8,150.0,1,4108.85
21.9,19.0,76,4,3270,120.0,peugeot 504,88.00,2,4108.85
15.5,19.0,76,6,2930,156.0,toyota mark ii,108.0,3,4108.85
16.7,16.5,76,6,3820,168.0,mercedes-benz 280s,120.0,2,4108.85
12.1,16.5,76,8,4380,350.0,cadillac seville,180.0,1,4108.85
12.0,13.0,76,8,4055,350.0,chevy c10,145.0,1,4108.85
15.0,13.0,76,8,3870,302.0,ford f108,130.0,1,4108.85
14.0,13.0,76,8,3755,318.0,dodge d100,150.0,1,4108.85
18.5,31.5,77,4,2045,98.00,honda accord cvcc,68.00,3,4108.85
14.8,30.0,77,4,2155,111.0,buick opel isuzu deluxe,80.00,1,4108.85
18.6,36.0,77,4,1825,79.00,renault 5 gtl,58.00,2,4108.85
15.5,25.5,77,4,2300,122.0,plymouth arrow gs,96.00,1,4108.85
16.8,33.5,77,4,1945,85.00,datsun f-10 hatchback,70.00,3,4108.85
12.5,17.5,77,8,3880,305.0,chevrolet caprice classic,145.0,1,4108.85
19.0,17.0,77,8,4060,260.0,oldsmobile cutlass supreme,110.0,1,4108.85
13.7,15.5,77,8,4140,318.0,dodge monaco brougham,145.0,1,4108.85
14.9,15.0,77,8,4295,302.0,mercury cougar brougham,130.0,1,4108.85
16.4,17.5,77,6,3520,250.0,chevrolet concours,110.0,1,4108.85
16.9,20.5,77,6,3425,231.0,buick skylark,105.0,1,4108.85
17.7,19.0,77,6,3630,225.0,plymouth volare custom,100.0,1,4108.85
19.0,18.5,77,6,3525,250.0,ford granada,98.00,1,4108.85
11.1,16.0,77,8,4220,400.0,pontiac grand prix lj,180.0,1,4108.85
11.4,15.5,77,8,4165,350.0,chevrolet monte carlo landau,170.0,1,4108.85
12.2,15.5,77,8,4325,400.0,chrysler cordoba,190.0,1,4108.85
14.5,16.0,77,8,4335,351.0,ford thunderbird,149.0,1,4108.85
14.5,29.0,77,4,1940,97.00,volkswagen rabbit custom,78.00,2,4108.85
16.0,24.5,77,4,2740,151.0,pontiac sunbird coupe,88.00,1,4108.85
18.2,26.0,77,4,2265,97.00,toyota corolla liftback,75.00,3,4108.85
15.8,25.5,77,4,2755,140.0,ford mustang ii 2+2,89.00,1,4108.85
17.0,30.5,77,4,2051,98.00,chevrolet chevette,63.00,1,4108.85
15.9,33.5,77,4,2075,98.00,dodge colt m/m,83.00,1,4108.85
16.4,30.0,77,4,1985,97.00,subaru dl,67.00,3,4108.85
14.1,30.5,77,4,2190,97.00,volkswagen dasher,78.00,2,4108.85
14.5,22.0,77,6,2815,146.0,datsun 810,97.00,3,4108.85
12.8,21.5,77,4,2600,121.0,bmw 320i,110.0,2,4108.85
13.5,21.5,77,3,2720,80.00,mazda rx-4,110.0,3,4108.85
21.5,43.1,78,4,1985,90.00,volkswagen rabbit custom diesel,48.00,2,4108.85
14.4,36.1,78,4,1800,98.00,ford fiesta,66.00,1,4108.85
19.4,32.8,78,4,1985,78.00,mazda glc deluxe,52.00,3,4108.85
18.6,39.4,78,4,2070,85.00,datsun b210 gx,70.00,3,4108.85
16.4,36.1,78,4,1800,91.00,honda civic cvcc,60.00,3,4108.85
15.5,19.9,78,8,3365,260.0,oldsmobile cutlass salon brougham,110.0,1,4108.85
13.2,19.4,78,8,3735,318.0,dodge diplomat,140.0,1,4108.85
12.8,20.2,78,8,3570,302.0,mercury monarch ghia,139.0,1,4108.85
19.2,19.2,78,6,3535,231.0,pontiac phoenix lj,105.0,1,4108.85
18.2,20.5,78,6,3155,200.0,chevrolet malibu,95.00,1,4108.85
15.8,20.2,78,6,2965,200.0,ford fairmont (auto),85.00,1,4108.85
15.4,25.1,78,4,2720,140.0,ford fairmont (man),88.00,1,4108.85
17.2,20.5,78,6,3430,225.0,plymouth volare,100.0,1,4108.85
17.2,19.4,78,6,3210,232.0,amc concord,90.00,1,4108.85
15.8,20.6,78,6,3380,231.0,buick century special,105.0,1,4108.85
16.7,20.8,78,6,3070,200.0,mercury zephyr,85.00,1,4108.85
18.7,18.6,78,6,3620,225.0,dodge aspen,110.0,1,4108.85
15.1,18.1,78,6,3410,258.0,amc concord d/l,120.0,1,4108.85
13.2,19.2,78,8,3425,305.0,chevrolet monte carlo landau,145.0,1,4108.85
13.4,17.7,78,6,3445,231.0,buick regal sport coupe (turbo),165.0,1,4108.85
11.2,18.1,78,8,3205,302.0,ford futura,139.0,1,4108.85
13.7,17.5,78,8,4080,318.0,dodge magnum xe,140.0,1,4108.85
16.5,30.0,78,4,2155,98.00,chevrolet chevette,68.00,1,4108.85
14.2,27.5,78,4,2560,134.0,toyota corona,95.00,3,4108.85
14.7,27.2,78,4,2300,119.0,datsun 510,97.00,3,4108.85
14.5,30.9,78,4,2230,105.0,dodge omni,75.00,1,4108.85
14.8,21.1,78,4,2515,134.0,toyota celica gt liftback,95.00,3,4108.85
16.7,23.2,78,4,2745,156.0,plymouth sapporo,105.0,1,4108.85
17.6,23.8,78,4,2855,151.0,oldsmobile starfire sx,85.00,1,4108.85
14.9,23.9,78,4,2405,119.0,datsun 200-sx,97.00,3,4108.85
15.9,20.3,78,5,2830,131.0,audi 5000,103.0,2,4108.85
13.6,17.0,78,6,3140,163.0,volvo 264gl,125.0,2,4108.85
15.7,21.6,78,4,2795,121.0,saab 99gle,115.0,2,4108.85
15.8,16.2,78,6,3410,163.0,peugeot 604sl,133.0,2,4108.85
14.9,31.5,78,4,1990,89.00,volkswagen scirocco,71.00,2,4108.85
16.6,29.5,78,4,2135,98.00,honda accord lx,68.00,3,4108.85
15.4,21.5,79,6,3245,231.0,pontiac lemans v6,115.0,1,4108.85
18.2,19.8,79,6,2990,200.0,mercury zephyr 6,85.00,1,4108.85
17.3,22.3,79,4,2890,140.0,ford fairmont 4,88.00,1,4108.85
18.2,20.2,79,6,3265,232.0,amc concord dl 6,90.00,1,4108.85
16.6,20.6,79,6,3360,225.0,dodge aspen 6,110.0,1,4108.85
15.4,17.0,79,8,3840,305.0,chevrolet caprice classic,130.0,1,4108.85
13.4,17.6,79,8,3725,302.0,ford ltd landau,129.0,1,4108.85
13.2,16.5,79,8,3955,351.0,mercury grand marquis,138.0,1,4108.85
15.2,18.2,79,8,3830,318.0,dodge stregis,135.0,1,4108.85
14.9,16.9,79,8,4360,350.0,buick estate wagon (sw),155.0,1,4108.85
14.3,15.5,79,8,4054,351.0,ford country squire (sw),142.0,1,4108.85
15.0,19.2,79,8,3605,267.0,chevrolet malibu classic (sw),125.0,1,4108.85
13.0,18.5,79,8,3940,360.0,chrysler lebaron town @ country (sw),150.0,1,4108.85
14.0,31.9,79,4,1925,89.00,vw rabbit custom,71.00,2,4108.85
15.2,34.1,79,4,1975,86.00,maxda glc deluxe,65.00,3,4108.85
14.4,35.7,79,4,1915,98.00,dodge colt hatchback custom,80.00,1,4108.85
15.0,27.4,79,4,2670,121.0,amc spirit dl,80.00,1,4108.85
20.1,25.4,79,5,3530,183.0,mercedes benz 300d,77.00,2,4108.85
17.4,23.0,79,8,3900,350.0,cadillac eldorado,125.0,1,4108.85
24.8,27.2,79,4,3190,141.0,peugeot 504,71.00,2,4108.85
22.2,23.9,79,8,3420,260.0,oldsmobile cutlass salon brougham,90.00,1,4108.85
13.2,34.2,79,4,2200,105.0,plymouth horizon,70.00,1,4108.85
14.9,34.5,79,4,2150,105.0,plymouth horizon tc3,70.00,1,4108.85
19.2,31.8,79,4,2020,85.00,datsun 210,65.00,3,4108.85
14.7,37.3,79,4,2130,91.00,fiat strada custom,69.00,2,4108.85
16.0,28.4,79,4,2670,151.0,buick skylark limited,90.00,1,4108.85
11.3,28.8,79,6,2595,173.0,chevrolet citation,115.0,1,4108.85
12.9,26.8,79,6,2700,173.0,oldsmobile omega brougham,115.0,1,4108.85
13.2,33.5,79,4,2556,151.0,pontiac phoenix,90.00,1,4108.85
